[gd_scene load_steps=17 format=3 uid="uid://cjdewxb78osjy"]

[ext_resource type="Script" path="res://addons/worldeditor/classes/paths/we_path/we_path.gd" id="1_7h0pt"]
[ext_resource type="Script" path="res://addons/worldeditor/classes/paths/we_connection_handle.gd" id="2_bsjpm"]
[ext_resource type="Script" path="res://addons/worldeditor/classes/paths/we_path_junction/we_path_junction.gd" id="3_p1pmd"]
[ext_resource type="Script" path="res://addons/worldeditor/classes/modifiers/we_mod_road/we_mod_road.cs" id="4_3chw1"]

[sub_resource type="Resource" id="Resource_7uod4"]
script = ExtResource("2_bsjpm")

[sub_resource type="Resource" id="Resource_5v3ul"]
script = ExtResource("2_bsjpm")

[sub_resource type="Resource" id="Resource_q0cw6"]
script = ExtResource("2_bsjpm")

[sub_resource type="Resource" id="Resource_e56jb"]
script = ExtResource("2_bsjpm")

[sub_resource type="Resource" id="Resource_x2ypt"]
script = ExtResource("2_bsjpm")

[sub_resource type="Resource" id="Resource_igmx7"]
script = ExtResource("2_bsjpm")

[sub_resource type="Resource" id="Resource_3iv2b"]
script = ExtResource("2_bsjpm")

[sub_resource type="Curve3D" id="Curve3D_gbdjt"]
_data = {
"points": PackedVector3Array(27.5042, -1.24076, -18.6499, -27.5042, 1.24076, 18.6499, 7.12607, 0, -15.5393, 33.245, -4.12659, -32.5758, -33.245, 4.12659, 32.5758, -26.3517, -5.40666, -17.2702, -10.6174, -11.0724, -3.16779, 10.6174, 11.0724, 3.16779, -14.707, 0, 47.0844),
"tilts": PackedFloat32Array(-2.44857, 0.531762, 0)
}
point_count = 3
up_vector_enabled = false

[sub_resource type="Curve3D" id="Curve3D_n5npm"]
_data = {
"points": PackedVector3Array(-29.053, 2.99302, -35.1943, 29.053, -2.99302, 35.1943, -8.75401, 4.76837e-07, 8.64468, -24.202, -0.15757, 28.3933, 24.202, 0.15757, -28.3933, 45.5758, -1.18753, 21.6043, 32.0475, 1.04005, -12.9676, -32.0475, -1.04005, 12.9676, 7.12607, 0, -15.5393),
"tilts": PackedFloat32Array(0, 3.1266, 0)
}
point_count = 3
up_vector_enabled = false

[sub_resource type="Curve3D" id="Curve3D_4jmj5"]
_data = {
"points": PackedVector3Array(-13.4723, -3.953, 23.9883, 13.4723, 3.953, -23.9883, -14.707, 0, 47.0844, -23.5888, -5.4939, 18.3206, 23.5888, 5.4939, -18.3206, -8.75401, 4.76837e-07, 8.64468),
"tilts": PackedFloat32Array(0.639392, 2.61084)
}
point_count = 2
up_vector_enabled = false

[sub_resource type="Curve3D" id="Curve3D_nfn06"]
_data = {
"points": PackedVector3Array(7.4081, -9.45974, 24.7223, -7.4081, 9.45974, -24.7223, -8.75401, 4.76837e-07, 8.64468, 29.9897, 4.53222, -13.5127, -29.9897, -4.53222, 13.5127, -92.9364, -1.50063, 10.5314, -5.8747, -3.85411, -2.1951, 5.8747, 3.85411, 2.1951, -73.5294, 3.69397, 45.9277),
"tilts": PackedFloat32Array(-2.9986, 0.116468, 2.57833)
}
point_count = 3
up_vector_enabled = false

[sub_resource type="Resource" id="Resource_at1ds"]
script = ExtResource("2_bsjpm")

[node name="Node3D" type="Node3D"]

[node name="WEPathJunction" type="Node3D" parent="." node_paths=PackedStringArray("connection_paths")]
transform = Transform3D(1, 0, 0, 0, 1, 0, 0, 0, 1, -8.75401, 4.76837e-07, 8.64468)
script = ExtResource("3_p1pmd")
connection_handles = Array[ExtResource("2_bsjpm")]([SubResource("Resource_7uod4"), SubResource("Resource_5v3ul"), SubResource("Resource_q0cw6")])
connection_paths = [NodePath("../WEPath2"), NodePath("../WEPath3"), NodePath("../WEPath4")]

[node name="WEPathJunction2" type="Node3D" parent="." node_paths=PackedStringArray("connection_paths")]
transform = Transform3D(1, 0, 0, 0, 1, 0, 0, 0, 1, 7.12607, 0, -15.5393)
script = ExtResource("3_p1pmd")
connection_handles = Array[ExtResource("2_bsjpm")]([SubResource("Resource_e56jb"), SubResource("Resource_x2ypt")])
connection_paths = [NodePath("../WEPath2"), NodePath("../WEPath")]

[node name="WEPathJunction3" type="Node3D" parent="." node_paths=PackedStringArray("connection_paths")]
transform = Transform3D(1, 0, 0, 0, 1, 0, 0, 0, 1, -14.707, 0, 47.0844)
script = ExtResource("3_p1pmd")
connection_handles = Array[ExtResource("2_bsjpm")]([SubResource("Resource_igmx7"), SubResource("Resource_3iv2b")])
connection_paths = [NodePath("../WEPath3"), NodePath("../WEPath")]

[node name="WEPath" type="Path3D" parent="." node_paths=PackedStringArray("connected_0", "connected_1")]
curve = SubResource("Curve3D_gbdjt")
script = ExtResource("1_7h0pt")
connection_handle0 = SubResource("Resource_x2ypt")
connection_handle1 = SubResource("Resource_3iv2b")
connected_0 = NodePath("../WEPathJunction2")
connected_1 = NodePath("../WEPathJunction3")
samples = Array[Transform3D]([Transform3D(-0.56122, 0.0308814, 0.82709, 0, 0.999304, -0.0373114, -0.827667, -0.0209399, -0.560829, 7.12607, 0, -15.5393), Transform3D(-0.481306, 0.00720696, 0.876523, -1.43889e-07, 0.999966, -0.00822201, -0.876553, -0.00395743, -0.48129, 3.73536, 0.0969601, -13.4423), Transform3D(-0.291641, -0.0532827, 0.955043, -2.13645e-06, 0.998447, 0.0557036, -0.956528, 0.0162434, -0.291188, 0.0923495, 0.0218077, -11.8364), Transform3D(0.357894, -0.211756, 0.909435, -2.56374e-05, 0.973944, 0.226787, -0.933762, -0.081189, 0.348563, -3.78499, -0.496751, -11.7076), Transform3D(0.934107, -0.105986, 0.340897, 7.45058e-09, 0.954913, 0.296886, -0.356992, -0.277324, 0.891991, -6.23281, -1.62135, -14.4943), Transform3D(0.991025, -0.0378722, 0.128203, 7.45058e-09, 0.95903, 0.283304, -0.13368, -0.280761, 0.950422, -7.0728, -2.77645, -18.2109), Transform3D(0.992929, -0.0335651, 0.113865, 1.17347e-07, 0.959194, 0.28275, -0.118709, -0.280751, 0.952411, -7.50513, -3.9003, -22.0143), Transform3D(0.940569, -0.101791, 0.323988, 1.08778e-06, 0.954023, 0.299733, -0.339603, -0.281919, 0.897325, -8.25587, -5.05663, -25.7499), Transform3D(0.0407515, -0.159952, 0.986283, -1.94386e-05, 0.987103, 0.160086, -0.999169, -0.00654292, 0.0402228, -10.9488, -6.12587, -28.1192), Transform3D(-0.487826, 0.00440346, 0.87293, -1.42446e-06, 0.999987, -0.00504519, -0.872941, -0.00246241, -0.487819, -14.6918, -6.35275, -26.9136), Transform3D(-0.605542, 0.0395534, 0.79483, -3.25963e-07, 0.998764, -0.0497021, -0.795813, -0.0300969, -0.604794, -18.0002, -6.22945, -24.6937), Transform3D(-0.655939, 0.0528128, 0.752964, -5.40167e-08, 0.997549, -0.069968, -0.754814, -0.0458948, -0.654332, -21.0803, -5.98654, -22.1711), Transform3D(-0.684385, 0.0596163, 0.72668, -5.58793e-09, 0.996652, -0.0817647, -0.729121, -0.0559585, -0.682093, -24.0283, -5.68208, -19.5007), Transform3D(-0.707303, 0.0608877, 0.704284, 8.94069e-08, 0.996284, -0.0861319, -0.706911, -0.0609213, -0.704674, -26.8875, -5.34064, -16.7396), Transform3D(-0.748319, 0.048935, 0.661532, 1.49012e-08, 0.997275, -0.0737707, -0.663339, -0.055204, -0.74628, -29.6149, -5.02117, -13.8464), Transform3D(-0.792264, 0.0365121, 0.609085, 1.13621e-07, 0.998208, -0.0598382, -0.610178, -0.0474076, -0.790844, -32.153, -4.75412, -10.7811), Transform3D(-0.838272, 0.0241327, 0.544718, 1.30385e-07, 0.99902, -0.0442594, -0.545252, -0.0371014, -0.837451, -34.4589, -4.54592, -7.53351), Transform3D(-0.884592, 0.0126548, 0.466194, 2.09548e-08, 0.999632, -0.027135, -0.466365, -0.0240034, -0.884266, -36.4805, -4.40303, -4.09877), Transform3D(-0.92828, 0.00330506, 0.371869, 5.94766e-07, 0.999961, -0.00888587, -0.371883, -0.00824835, -0.928243, -38.1575, -4.33094, -0.48162), Transform3D(-0.965145, -0.00250993, 0.261705, 1.83005e-07, 0.999954, 0.00959093, -0.261717, 0.00925668, -0.9651, -39.4264, -4.33247, 3.29829), Transform3D(-0.990381, -0.00371643, 0.138319, 4.75207e-07, 0.999639, 0.0268622, -0.138369, 0.0266039, -0.990023, -40.2279, -4.40588, 7.20303), Transform3D(-0.999973, -0.000303501, 0.00738039, 2.97048e-07, 0.999154, 0.0411282, -0.00738663, 0.041127, -0.999127, -40.5199, -4.54281, 11.1766), Transform3D(-0.99232, 0.00626287, -0.123539, 3.11993e-08, 0.998717, 0.0506303, 0.123697, 0.0502415, -0.991047, -40.287, -4.72768, 15.1521), Transform3D(-0.968858, 0.0133867, -0.247253, 1.39698e-09, 0.998538, 0.0540624, 0.247615, 0.0523788, -0.967442, -39.5439, -4.93869, 19.0634), Transform3D(-0.933177, 0.0182203, -0.358956, -1.58325e-08, 0.998714, 0.0506941, 0.359418, 0.0473065, -0.931977, -38.3302, -5.14999, 22.8556), Transform3D(-0.889402, 0.0183418, -0.456757, -8.75443e-08, 0.999195, 0.0401245, 0.457125, 0.0356869, -0.888686, -36.6984, -5.3336, 26.4894), Transform3D(-0.840937, 0.0118367, -0.541004, -3.45055e-07, 0.999761, 0.0218745, 0.541133, 0.0183952, -0.840736, -34.7038, -5.45994, 29.9403), Transform3D(-0.789918, -0.00310917, -0.613205, -4.18629e-07, 0.999987, -0.00506976, 0.613213, -0.00400444, -0.789908, -32.3977, -5.49662, 33.1938), Transform3D(-0.737158, -0.028912, -0.675102, -5.31785e-07, 0.999084, -0.0427864, 0.675721, -0.0315399, -0.736483, -29.8247, -5.40525, 36.2396), Transform3D(-0.682129, -0.0696439, -0.727908, -5.99772e-07, 0.995454, -0.0952413, 0.731232, -0.0649664, -0.679028, -27.0231, -5.13578, 39.065), Transform3D(-0.622582, -0.13295, -0.771178, -3.50177e-07, 0.985463, -0.169892, 0.782554, -0.105772, -0.613532, -24.0293, -4.61611, 41.6471), Transform3D(-0.552945, -0.234073, -0.799663, -2.68221e-07, 0.959729, -0.280926, 0.833218, -0.155337, -0.530678, -20.889, -3.73239, 43.9378), Transform3D(-0.458262, -0.403228, -0.792088, -2.41399e-06, 0.891172, -0.453666, 0.888817, -0.207896, -0.408391, -17.6946, -2.29287, 45.8301), Transform3D(-0.285904, -0.677362, -0.67782, -2.98023e-08, 0.707346, -0.706868, 0.958258, -0.202096, -0.202233, -14.707, 0, 47.0844)])

[node name="we_mod_road" type="Node" parent="WEPath"]
script = ExtResource("4_3chw1")
width = 4.0

[node name="WEPath2" type="Path3D" parent="." node_paths=PackedStringArray("connected_0", "connected_1")]
curve = SubResource("Curve3D_n5npm")
script = ExtResource("1_7h0pt")
connection_handle0 = SubResource("Resource_7uod4")
connection_handle1 = SubResource("Resource_e56jb")
connected_0 = NodePath("../WEPathJunction")
connected_1 = NodePath("../WEPathJunction2")
samples = Array[Transform3D]([Transform3D(-0.771183, 0.0416619, -0.635249, -1.86264e-09, 0.997856, 0.0654429, 0.636614, 0.0504685, -0.76953, -8.75401, 4.76837e-07, 8.64468), Transform3D(-0.773332, 0.0398029, -0.632751, 1.86264e-09, 0.998027, 0.0627806, 0.634001, 0.0485502, -0.771807, -6.2251, -0.255845, 11.7194), Transform3D(-0.774571, 0.0378449, -0.631353, -1.86265e-09, 0.998208, 0.0598351, 0.632487, 0.0463466, -0.773183, -3.70409, -0.500525, 14.8014), Transform3D(-0.774501, 0.0357678, -0.631561, -1.86265e-09, 0.9984, 0.0565433, 0.632573, 0.0437929, -0.773262, -1.18565, -0.732787, 17.8866), Transform3D(-0.772495, 0.0335399, -0.634134, -1.86265e-09, 0.998604, 0.052817, 0.635021, 0.0408009, -0.771417, 1.33802, -0.951086, 20.9684), Transform3D(-0.767521, 0.0311073, -0.640268, 9.31323e-10, 0.998822, 0.0485276, 0.641023, 0.0372459, -0.766617, 3.87856, -1.15345, 24.0375), Transform3D(-0.757761, 0.0283708, -0.651915, -2.32831e-08, 0.999054, 0.0434781, 0.652532, 0.0329461, -0.757045, 6.45375, -1.33726, 27.0787), Transform3D(-0.739753, 0.0251306, -0.672409, -3.63216e-08, 0.999302, 0.037348, 0.672878, 0.0276283, -0.739237, 9.09158, -1.49891, 30.0669), Transform3D(-0.706184, 0.0209393, -0.707718, -2.23517e-08, 0.999563, 0.0295742, 0.708028, 0.0208848, -0.705875, 11.8381, -1.63308, 32.9565), Transform3D(-0.639607, 0.0146846, -0.768562, -1.5879e-07, 0.999817, 0.0191033, 0.768702, 0.0122187, -0.63949, 14.7719, -1.73133, 35.656), Transform3D(-0.494144, 0.00354882, -0.869373, -1.24658e-06, 0.999992, 0.00408272, 0.86938, 0.00201853, -0.49414, 18.0243, -1.77945, 37.9565), Transform3D(-0.175985, -0.0156285, -0.984269, -1.55158e-06, 0.999874, -0.015876, 0.984393, -0.00279241, -0.175963, 21.7358, -1.75668, 39.3649), Transform3D(0.252742, -0.0281068, -0.967126, -3.93018e-07, 0.999578, -0.02905, 0.967534, 0.00734253, 0.252635, 25.6882, -1.66194, 39.1922), Transform3D(0.515889, -0.0246154, -0.856302, 3.72529e-09, 0.999587, -0.0287343, 0.856656, 0.0148237, 0.515676, 29.3267, -1.54378, 37.5942), Transform3D(0.635885, -0.0185334, -0.771561, 3.53903e-08, 0.999712, -0.0240136, 0.771784, 0.0152699, 0.635701, 32.5609, -1.43813, 35.2672), Transform3D(0.694453, -0.0136489, -0.719409, 1.53668e-08, 0.99982, -0.0189689, 0.719538, 0.013173, 0.694328, 35.5262, -1.3525, 32.6015), Transform3D(0.726158, -0.00988262, -0.687457, 3.1665e-08, 0.999897, -0.0143741, 0.687528, 0.0104378, 0.726083, 38.3274, -1.28616, 29.7623), Transform3D(0.744594, -0.00686964, -0.667483, 1.14087e-08, 0.999947, -0.0102913, 0.667518, 0.00766283, 0.744554, 41.0269, -1.23713, 26.8258), Transform3D(0.755732, -0.00435914, -0.654867, 3.72529e-09, 0.999978, -0.00665638, 0.654881, 0.00503043, 0.755715, 43.6627, -1.20346, 23.8314), Transform3D(0.773425, -0.00335611, -0.633878, -2.15368e-08, 0.999986, -0.00529452, 0.633887, 0.00409493, 0.773415, 46.2513, -1.18252, 20.7962), Transform3D(0.822894, -0.00553059, -0.568169, -1.05472e-07, 0.999953, -0.00973375, 0.568196, 0.0080099, 0.822855, 48.6544, -1.15275, 17.6135), Transform3D(0.875444, -0.00716827, -0.483266, -1.49244e-07, 0.99989, -0.0148316, 0.48332, 0.0129843, 0.875348, 50.759, -1.10398, 14.2268), Transform3D(0.927923, -0.00767739, -0.372692, -1.75321e-07, 0.999788, -0.0205959, 0.372771, 0.0191114, 0.927726, 52.4761, -1.03352, 10.6294), Transform3D(0.973268, -0.00616589, -0.229591, -8.87085e-08, 0.99964, -0.0268467, 0.229674, 0.026129, 0.972917, 53.6892, -0.938991, 6.83424), Transform3D(0.998724, -0.00166789, -0.0504824, -1.73226e-07, 0.999455, -0.0330244, 0.05051, 0.0329822, 0.998179, 54.2595, -0.819396, 2.89325), Transform3D(0.987505, 0.00599938, 0.157475, -7.24103e-08, 0.999275, -0.0380692, -0.15759, 0.0375935, 0.986789, 54.0529, -0.676997, -1.08086), Transform3D(0.928204, 0.0151597, 0.371763, -2.56114e-08, 0.99917, -0.0407439, -0.372072, 0.0378186, 0.927433, 52.9944, -0.51884, -4.91529), Transform3D(0.825821, 0.0227986, 0.563472, 3.81842e-08, 0.999182, -0.040428, -0.563933, 0.0333863, 0.825145, 51.1174, -0.355944, -8.42268), Transform3D(0.69887, 0.0268135, 0.714746, 9.31323e-08, 0.999297, -0.0374885, -0.715249, 0.0261997, 0.698379, 48.5532, -0.199791, -11.4663), Transform3D(0.56576, 0.0270347, 0.824127, 1.24797e-07, 0.999462, -0.0327865, -0.82457, 0.0185494, 0.565456, 45.4707, -0.0591744, -13.9869), Transform3D(0.437275, 0.0243643, 0.898998, 1.02445e-08, 0.999633, -0.0270916, -0.899328, 0.0118465, 0.437114, 42.0238, 0.0604966, -15.9843), Transform3D(0.317543, 0.0198145, 0.948037, 8.00937e-08, 0.999782, -0.020896, -0.948244, 0.00663547, 0.317474, 38.3323, 0.156324, -17.4863), Transform3D(0.207156, 0.0141567, 0.978205, 6.93835e-08, 0.999895, -0.0144706, -0.978308, 0.00299775, 0.207134, 34.4847, 0.226916, -18.5297), Transform3D(0.10535, 0.00791199, 0.994404, 5.12227e-09, 0.999968, -0.00795626, -0.994435, 0.0008382, 0.105347, 30.5461, 0.271667, -19.1503), Transform3D(0.0110468, 0.00142819, 0.999938, 6.26315e-08, 0.999999, -0.00142827, -0.999939, 1.58404e-05, 0.0110468, 26.5649, 0.290379, -19.3801), Transform3D(-0.0767422, -0.00505251, 0.997038, 8.05594e-08, 0.999987, 0.00506746, -0.997051, 0.000388968, -0.0767412, 22.5791, 0.283102, -19.2471), Transform3D(-0.158788, -0.0113507, 0.987247, 2.65427e-08, 0.999934, 0.0114966, -0.987313, 0.00182554, -0.158778, 18.6191, 0.250038, -18.7755), Transform3D(-0.23564, -0.0173257, 0.971686, 1.18278e-07, 0.999841, 0.0178277, -0.97184, 0.00420104, -0.235603, 14.71, 0.191504, -17.9871), Transform3D(-0.307667, -0.0228641, 0.951219, 2.79397e-09, 0.999711, 0.0240297, -0.951494, 0.00739315, -0.307578, 10.8729, 0.10797, -16.9022), Transform3D(-0.375093, -0.0278748, 0.926568, 9.31323e-10, 0.999548, 0.0300703, -0.926987, 0.0112792, -0.374924, 7.12607, 0, -15.5393)])

[node name="we_mod_road" type="Node" parent="WEPath2"]
script = ExtResource("4_3chw1")

[node name="WEPath3" type="Path3D" parent="." node_paths=PackedStringArray("connected_0", "connected_1")]
curve = SubResource("Curve3D_4jmj5")
script = ExtResource("1_7h0pt")
connection_handle0 = SubResource("Resource_igmx7")
connection_handle1 = SubResource("Resource_5v3ul")
connected_0 = NodePath("../WEPathJunction3")
connected_1 = NodePath("../WEPathJunction")
samples = Array[Transform3D]([Transform3D(0.871903, -0.0696417, -0.484701, 0, 0.989835, -0.142219, 0.489678, 0.124002, 0.863041, -14.707, 0, 47.0844), Transform3D(0.916035, -0.0463271, -0.398414, 2.01166e-07, 0.993307, -0.1155, 0.401098, 0.105802, 0.909904, -13.0454, 0.485182, 43.7743), Transform3D(0.964862, -0.0191522, -0.262059, 6.65896e-07, 0.99734, -0.0728869, 0.262758, 0.0703257, 0.962296, -11.7911, 0.843629, 40.2763), Transform3D(0.998996, -0.000193708, -0.0447926, 4.41701e-06, 0.999991, -0.004226, 0.0447931, 0.00422156, 0.998987, -11.1887, 0.997176, 36.5998), Transform3D(0.96908, -0.0220362, 0.245761, 3.83426e-06, 0.996005, 0.0892919, -0.246747, -0.0865301, 0.965209, -11.5543, 0.842188, 32.8991), Transform3D(0.869148, -0.0846588, 0.487253, 2.02283e-06, 0.98524, 0.171179, -0.494553, -0.148779, 0.856319, -12.9625, 0.344903, 29.4869), Transform3D(0.805863, -0.12578, 0.578589, 2.23517e-08, 0.977177, 0.212429, -0.592103, -0.171188, 0.78747, -15.0052, -0.385241, 26.447), Transform3D(0.882508, -0.0946361, 0.460678, 1.79932e-06, 0.979546, 0.201222, -0.470298, -0.177579, 0.864456, -17.0376, -1.18084, 23.4176), Transform3D(0.996618, 0.00524311, -0.0820109, 1.43575e-05, 0.997952, 0.0639753, 0.0821784, -0.0637601, 0.994576, -17.8799, -1.72534, 19.8755), Transform3D(0.846042, -0.0435909, -0.53133, 4.65848e-06, 0.996652, -0.081759, 0.533116, 0.0691691, 0.84321, -16.593, -1.65554, 16.4098), Transform3D(0.72521, -0.0960242, -0.681798, 1.75089e-07, 0.990227, -0.139463, 0.688527, 0.10114, 0.718123, -14.2793, -1.2263, 13.515), Transform3D(0.656335, -0.125191, -0.74401, 8.19564e-08, 0.986137, -0.165933, 0.754469, 0.108908, 0.647237, -11.6011, -0.650334, 10.9754), Transform3D(0.613393, -0.142876, -0.776747, 0, 0.9835, -0.180907, 0.789778, 0.110967, 0.603272, -8.75401, 4.76837e-07, 8.64468)])

[node name="we_mod_road" type="Node" parent="WEPath3"]
script = ExtResource("4_3chw1")

[node name="WEPath4" type="Path3D" parent="." node_paths=PackedStringArray("connected_0")]
curve = SubResource("Curve3D_nfn06")
script = ExtResource("1_7h0pt")
connection_handle0 = SubResource("Resource_q0cw6")
connection_handle1 = SubResource("Resource_at1ds")
connected_0 = NodePath("../WEPathJunction")
samples = Array[Transform3D]([Transform3D(0.957918, 0.0987851, 0.269509, 3.72529e-09, 0.938915, -0.344148, -0.287042, 0.329665, 0.899404, -8.75401, 4.76837e-07, 8.64468), Transform3D(0.881874, 0.148485, 0.447493, 1.03563e-06, 0.949114, -0.314932, -0.471484, 0.277731, 0.836999, -10.1657, 1.31055, 5.19264), Transform3D(0.753207, 0.175529, 0.633932, 2.03401e-06, 0.963738, -0.266852, -0.657784, 0.200996, 0.725893, -12.3096, 2.46838, 2.08247), Transform3D(0.587858, 0.165526, 0.791849, 1.85519e-06, 0.978842, -0.204616, -0.808964, 0.120287, 0.57542, -15.147, 3.40444, -0.502015), Transform3D(0.420989, 0.127835, 0.898012, 1.51992e-06, 0.990019, -0.140933, -0.907066, 0.0593328, 0.416787, -18.5098, 4.08687, -2.46344), Transform3D(0.277128, 0.0823463, 0.957298, 8.12113e-07, 0.996321, -0.0857033, -0.960833, 0.0237515, 0.276108, -22.1954, 4.53192, -3.82685), Transform3D(0.161708, 0.0410267, 0.985985, 7.69272e-07, 0.999135, -0.041574, -0.986839, 0.00672361, 0.161568, -26.0498, 4.7803, -4.68467), Transform3D(0.0707615, 0.00718321, 0.997467, 5.53904e-07, 0.999974, -0.0072013, -0.997493, 0.000510127, 0.0707597, -29.9802, 4.874, -5.13756), Transform3D(-0.00142324, -0.0196337, 0.999806, 3.6601e-07, 0.999807, 0.0196337, -0.999999, 2.83094e-05, -0.00142296, -33.9361, 4.84725, -5.2695), Transform3D(-0.0596924, -0.0407902, 0.997383, 1.76951e-07, 0.999165, 0.0408631, -0.998217, 0.00243939, -0.0596425, -37.8908, 4.72591, -5.14467), Transform3D(-0.107648, -0.0575946, 0.992519, 1.00583e-07, 0.998321, 0.0579312, -0.994189, 0.00623631, -0.107468, -41.8305, 4.52916, -4.81092), Transform3D(-0.147877, -0.0710809, 0.986448, 1.45286e-07, 0.997414, 0.0718711, -0.989006, 0.0106282, -0.147495, -45.7483, 4.2713, -4.30396), Transform3D(-0.182234, -0.0820208, 0.979828, 7.45058e-09, 0.996515, 0.0834176, -0.983255, 0.0152015, -0.181599, -49.6408, 3.96322, -3.65083), Transform3D(-0.212058, -0.0909762, 0.973013, 2.6077e-08, 0.995657, 0.0930935, -0.977257, 0.0197412, -0.211137, -53.5066, 3.61325, -2.87205), Transform3D(-0.238342, -0.0983602, 0.966188, 1.86265e-08, 0.994858, 0.101279, -0.971181, 0.024139, -0.237116, -57.3453, 3.22804, -1.98366), Transform3D(-0.261834, -0.104475, 0.959441, 1.11759e-08, 0.994124, 0.108251, -0.965113, 0.0283439, -0.260295, -61.1572, 2.8129, -0.998184), Transform3D(-0.283112, -0.109543, 0.952811, 3.72529e-09, 0.993456, 0.114216, -0.959087, 0.0323358, -0.281259, -64.9426, 2.3722, 0.0745093), Transform3D(-0.302633, -0.113728, 0.946298, 3.72529e-09, 0.992855, 0.119323, -0.953107, 0.0361112, -0.300471, -68.702, 1.90963, 1.22659), Transform3D(-0.320772, -0.117149, 0.939884, 3.72529e-09, 0.992322, 0.123685, -0.947156, 0.0396746, -0.318309, -72.4358, 1.42835, 2.4519), Transform3D(-0.337847, -0.119889, 0.933534, 7.45058e-09, 0.991854, 0.127378, -0.941201, 0.0430344, -0.335095, -76.1443, 0.931146, 3.74566), Transform3D(-0.354139, -0.122, 0.927201, 3.72529e-09, 0.991454, 0.130454, -0.935193, 0.046199, -0.351113, -79.8278, 0.420549, 5.10427), Transform3D(-0.369915, -0.123507, 0.92082, 3.72529e-09, 0.991125, 0.132937, -0.929066, 0.0491754, -0.366632, -83.4861, -0.101048, 6.52522), Transform3D(-0.385444, -0.124405, 0.914307, -7.45058e-09, 0.99087, 0.134823, -0.922731, 0.0519665, -0.381924, -87.1189, -0.631299, 8.00707), Transform3D(-0.40102, -0.124653, 0.907549, 3.72529e-09, 0.990699, 0.136074, -0.916069, 0.0545684, -0.39729, -90.7255, -1.16778, 9.54952), Transform3D(-0.443257, -0.120928, 0.8882, -1.11759e-08, 0.990859, 0.134905, -0.896395, 0.0597976, -0.439205, -94.2958, -1.70658, 11.1728), Transform3D(-0.55472, -0.106049, 0.825251, -1.93715e-07, 0.991844, 0.127457, -0.832037, 0.0707027, -0.550196, -97.7023, -2.22799, 13.1164), Transform3D(-0.723227, -0.0752401, 0.6865, -7.41333e-07, 0.994048, 0.108946, -0.690611, 0.0787924, -0.718922, -100.734, -2.70178, 15.606), Transform3D(-0.933964, -0.02169, 0.356709, -9.89903e-06, 0.998158, 0.0606678, -0.357368, 0.056658, -0.932244, -102.886, -3.05154, 18.8791), Transform3D(-0.987864, -0.00312059, -0.15529, -9.0996e-06, 0.999799, -0.0200334, 0.155321, -0.0197889, -0.987666, -103.285, -3.13404, 22.7698), Transform3D(-0.866441, -0.0393225, -0.497728, -8.08388e-07, 0.996894, -0.0787571, 0.499279, -0.068238, -0.86375, -101.912, -2.92676, 26.4533), Transform3D(-0.747644, -0.0734061, -0.660031, -3.83705e-07, 0.993872, -0.110534, 0.6641, -0.08264, -0.743062, -99.5816, -2.54618, 29.6226), Transform3D(-0.661234, -0.0979635, -0.743756, -9.68576e-08, 0.991437, -0.130587, 0.75018, -0.0863482, -0.655572, -96.7866, -2.06657, 32.3818), Transform3D(-0.597865, -0.117154, -0.79299, -8.19564e-08, 0.989262, -0.146151, 0.801597, -0.0873783, -0.591445, -93.7368, -1.51794, 34.8443), Transform3D(-0.549083, -0.134191, -0.824924, -1.04308e-07, 0.987026, -0.16056, 0.835768, -0.0881607, -0.54196, -90.5299, -0.910783, 37.0842), Transform3D(-0.509544, -0.15148, -0.847006, -1.49012e-08, 0.984381, -0.176049, 0.860445, -0.0897045, -0.501586, -87.2177, -0.245171, 39.1477), Transform3D(-0.475726, -0.171727, -0.862667, -8.9407e-08, 0.980757, -0.195235, 0.879594, -0.092878, -0.466571, -83.8314, 0.488012, 41.063), Transform3D(-0.444742, -0.200002, -0.873043, -1.19209e-07, 0.97475, -0.223301, 0.895659, -0.0993114, -0.433512, -80.3937, 1.31212, 42.8448), Transform3D(-0.412422, -0.252506, -0.875299, -6.4075e-07, 0.960819, -0.277176, 0.910993, -0.114313, -0.396263, -76.9284, 2.28806, 44.4908), Transform3D(-0.350017, -0.490463, -0.798082, 1.49012e-08, 0.851975, -0.523583, 0.936743, -0.183263, -0.298205, -73.5294, 3.69397, 45.9277)])

[node name="we_mod_road" type="Node" parent="WEPath4"]
script = ExtResource("4_3chw1")
